//            PatLen	     Ratio
               10000	  0.023100
               20000	  0.035150
               30000	  0.029467
               40000	  0.033600
               50000	  0.074440
               60000	  0.040767
               70000	  0.037957
               80000	  0.038875
               90000	  0.027322
              100000	  0.015760
              110000	  0.052645
              120000	  0.032142
              130000	  0.061131
              140000	  0.020400
              150000	  0.019533
              160000	  0.018450
              170000	  0.016776
              180000	  0.057800
              190000	  0.032263
              200000	  0.016035
              210000	  0.022400
              220000	  0.023623
              230000	  0.047643
              240000	  0.025100
              250000	  0.066512
              260000	  0.031631
              270000	  0.021448
              280000	  0.165486
              290000	  0.042569
              300000	  0.019367
              310000	  0.031655
              320000	  0.018931
              330000	  0.025455
              340000	  0.042650
              350000	  0.025234
              360000	  0.040131
              370000	  0.019000
              380000	  0.025550
              390000	  0.047236
              400000	  0.127998
              410000	  0.040946
              420000	  0.038364
              430000	  0.014186
              440000	  0.016155
              450000	  0.031378
              460000	  0.014300
              470000	  0.016845
              480000	  0.023725
              490000	  0.016961
              500000	  0.014470
              510000	  0.015210
              520000	  0.014783
              530000	  0.014943
              540000	  0.014617
              550000	  0.015327
              560000	  0.121600
              570000	  0.022725
              580000	  0.020278
              590000	  0.014976
              600000	  0.014237
              610000	  0.014220
              620000	  0.014302
              630000	  0.014137
              640000	  0.027583
              650000	  0.015906
              660000	  0.014841
              670000	  0.014378
              680000	  0.014321
              690000	  0.014303
              700000	  0.017604
              710000	  0.014654
              720000	  0.015119
              730000	  0.014490
              740000	  0.022522
              750000	  0.014177
              760000	  0.019830
              770000	  0.014306
              780000	  0.014533
              790000	  0.014304
              800000	  0.014200
              810000	  0.014162
              820000	  0.014402
              830000	  0.014407
              840000	  0.014449
              850000	  0.017545
              860000	  0.016323
              870000	  0.014869
              880000	  0.015543
              890000	  0.019751
              900000	  0.095113
              910000	  0.026536
              920000	  0.027101
              930000	  0.053073
              940000	  0.019988
              950000	  0.043303
              960000	  0.018283
              970000	  0.014220
              980000	  0.015935
              990000	  0.018937
             1000000	  0.016900
Sorted ratios are: 
  0.014137,   0.014162,   0.014177,   0.014186,   0.014200, 
  0.014220,   0.014220,   0.014237,   0.014300,   0.014302, 
  0.014303,   0.014304,   0.014306,   0.014321,   0.014378, 
  0.014402,   0.014407,   0.014449,   0.014470,   0.014490, 
  0.014533,   0.014617,   0.014654,   0.014783,   0.014841, 
  0.014869,   0.014943,   0.014976,   0.015119,   0.015210, 
  0.015327,   0.015543,   0.015760,   0.015906,   0.015935, 
  0.016035,   0.016155,   0.016323,   0.016776,   0.016845, 
  0.016900,   0.016961,   0.017545,   0.017604,   0.018283, 
  0.018450,   0.018931,   0.018937,   0.019000,   0.019367, 
  0.019533,   0.019751,   0.019830,   0.019988,   0.020278, 
  0.020400,   0.021448,   0.022400,   0.022522,   0.022725, 
  0.023100,   0.023623,   0.023725,   0.025100,   0.025234, 
  0.025455,   0.025550,   0.026536,   0.027101,   0.027322, 
  0.027583,   0.029467,   0.031378,   0.031631,   0.031655, 
  0.032142,   0.032263,   0.033600,   0.035150,   0.037957, 
  0.038364,   0.038875,   0.040131,   0.040767,   0.040946, 
  0.042569,   0.042650,   0.043303,   0.047236,   0.047643, 
  0.052645,   0.053073,   0.057800,   0.061131,   0.066512, 
  0.074440,   0.095113,   0.121600,   0.127998,   0.165486
Maximum stable ratio is:   0.165486
Average ratio is:   0.028598
