//  PatLen	   TextLen	  Naive-RT	    KMP-RT
        10	     10000	      7259	      2534
       100	     10000	       152	       498
      1000	     10000	       149	      2269
        10	     20000	       495	       299
       100	     20000	       429	       278
      1000	     20000	       528	       299
     10000	     20000	       437	       480
        10	     30000	       445	       811
       100	     30000	       445	       427
      1000	     30000	       664	       441
     10000	     30000	       509	       609
        10	     40000	       592	       565
       100	     40000	       640	       583
      1000	     40000	       683	       621
     10000	     40000	       605	       724
        10	     50000	       860	       703
       100	     50000	       735	       701
      1000	     50000	       739	       714
     10000	     50000	      1292	       880
        10	     60000	      1056	       858
       100	     60000	      1139	       849
      1000	     60000	       983	       904
     10000	     60000	      2299	       989
        10	     70000	      1667	      1002
       100	     70000	      1038	       996
      1000	     70000	      1055	      1004
     10000	     70000	      1065	      1123
        10	     80000	      1186	      1125
       100	     80000	      2984	      1127
      1000	     80000	      1197	      1138
     10000	     80000	      1214	      1227
        10	     90000	      6440	      1279
       100	     90000	      4452	      1284
      1000	     90000	      1406	      1434
     10000	     90000	      1677	      2848
        10	    100000	      2305	      1438
       100	    100000	      5371	      1416
      1000	    100000	      2602	      1427
     10000	    100000	      1799	      1499
        10	    110000	      1630	      1555
       100	    110000	      1628	      1565
      1000	    110000	      1668	      1559
     10000	    110000	      1837	      1630
        10	    120000	      1810	      1692
       100	    120000	      1799	      1693
      1000	    120000	      1798	      1691
     10000	    120000	      1843	      1733
        10	    130000	      4751	      1835
       100	    130000	      9131	      1836
      1000	    130000	      2060	      5085
     10000	    130000	      2124	      2394
        10	    140000	      2437	      1996
       100	    140000	      2421	      2112
      1000	    140000	      2115	      2046
     10000	    140000	      2495	      2137
        10	    150000	      2351	      2136
       100	    150000	      2437	      2149
      1000	    150000	      2251	      2115
     10000	    150000	      2270	      2091
        10	    160000	      3483	      2330
       100	    160000	      2367	      3887
      1000	    160000	      2382	      5304
     10000	    160000	      2465	      2585
        10	    170000	      3450	      3149
       100	    170000	      3571	      2442
      1000	    170000	      3498	      2407
     10000	    170000	      3258	      2368
        10	    180000	      4082	      2613
       100	    180000	      2926	      2562
      1000	    180000	      2855	      2559
     10000	    180000	      3004	      2644
        10	    190000	      3031	      2880
       100	    190000	      4225	      9584
      1000	    190000	      2821	      2676
     10000	    190000	      3071	      2584
        10	    200000	      3113	      2824
       100	    200000	      3909	      2832
      1000	    200000	      2966	      2820
     10000	    200000	      3033	      2716
    100000	    200000	      3495	      5685
        10	    210000	      4337	      2987
       100	    210000	      5736	      2973
      1000	    210000	      9919	      7902
     10000	    210000	     10617	      2874
    100000	    210000	      5141	      7398
        10	    220000	      7457	      3625
       100	    220000	      3321	      7149
      1000	    220000	      3272	      6763
     10000	    220000	      3696	      8791
    100000	    220000	      4791	      3678
        10	    230000	      4141	      3387
       100	    230000	      3412	      3367
      1000	    230000	      3412	      3292
     10000	    230000	      4044	      3132
    100000	    230000	      9072	      3872
        10	    240000	      6885	      5741
       100	    240000	      3765	      5948
      1000	    240000	      3610	      3432
     10000	    240000	      5017	      3468
    100000	    240000	     10422	      4741
        10	    250000	     11126	      5392
       100	    250000	      4118	      5530
      1000	    250000	      5046	      6008
     10000	    250000	      6409	      3477
    100000	    250000	      6175	      4021
        10	    260000	      6528	     38757
       100	    260000	     39872	      5834
      1000	    260000	     21780	      7892
     10000	    260000	     16991	     30950
    100000	    260000	     20317	     10983
        10	    270000	     26024	      3830
       100	    270000	     23660	      3819
      1000	    270000	      7149	      3822
     10000	    270000	     10884	      3776
    100000	    270000	      4947	      6523
        10	    280000	     10094	      4036
       100	    280000	      7817	      4032
      1000	    280000	      5880	      3945
     10000	    280000	     10129	      3766
    100000	    280000	      4995	      4497
        10	    290000	      4970	      4097
       100	    290000	      4373	      4106
      1000	    290000	      4399	      4085
     10000	    290000	      4439	      6576
    100000	    290000	      5133	      4182
        10	    300000	     11398	      4790
       100	    300000	      4917	      4415
      1000	    300000	      7448	      5245
     10000	    300000	      4620	      4377
    100000	    300000	      9422	      4197
        10	    310000	      7541	      4412
       100	    310000	     19826	      4385
      1000	    310000	      8664	      4364
     10000	    310000	      6538	      4139
    100000	    310000	      5521	      4107
        10	    320000	      6009	      4526
       100	    320000	      5494	      4543
      1000	    320000	      5505	      4532
     10000	    320000	      6644	      4282
    100000	    320000	      8596	      4858
        10	    330000	      5705	      4660
       100	    330000	      9298	      9775
      1000	    330000	      6978	      4637
     10000	    330000	      5188	      4936
    100000	    330000	      5835	     12901
        10	    340000	     12743	      4846
       100	    340000	      9057	      7495
      1000	    340000	      6354	      7451
     10000	    340000	      5164	      4604
    100000	    340000	      6207	      6126
        10	    350000	      9247	      4996
       100	    350000	      5641	      4946
      1000	    350000	      5211	      5438
     10000	    350000	      5331	     14147
    100000	    350000	      6257	      9669
        10	    360000	      6057	      5320
       100	    360000	      5362	      5341
      1000	    360000	      5382	    106553
     10000	    360000	      6185	      5348
    100000	    360000	      6375	      5937
        10	    370000	      6804	      5266
       100	    370000	      5498	      5303
      1000	    370000	      5482	      5286
     10000	    370000	      5597	      4913
    100000	    370000	      6598	      6632
        10	    380000	      5972	      5372
       100	    380000	      6910	      5410
      1000	    380000	      5693	      5534
     10000	    380000	      5909	      5108
    100000	    380000	      6990	      6259
        10	    390000	     20046	      7228
       100	    390000	     20897	      5536
      1000	    390000	      5880	      7727
     10000	    390000	      6081	      5226
    100000	    390000	      7653	      8004
        10	    400000	     10311	      5653
       100	    400000	      8444	      5658
      1000	    400000	      5939	      5747
     10000	    400000	      6053	      5341
    100000	    400000	      7089	      6508
        10	    410000	      9777	      5789
       100	    410000	     17702	      5791
      1000	    410000	      7611	     15914
     10000	    410000	      7141	     35636
    100000	    410000	      7272	      8949
        10	    420000	     14956	      5953
       100	    420000	      6396	      5941
      1000	    420000	      7319	      5907
     10000	    420000	     13705	      6241
    100000	    420000	     12981	      7168
        10	    430000	      9676	      6140
       100	    430000	     11370	      6113
      1000	    430000	      7885	      6508
     10000	    430000	      6597	     10152
    100000	    430000	      7641	      5076
        10	    440000	      6926	      6296
       100	    440000	      6578	      6992
      1000	    440000	      6620	      6235
     10000	    440000	      7032	      5827
    100000	    440000	      7957	      7108
        10	    450000	      7099	      6358
       100	    450000	      6689	      6839
      1000	    450000	      6675	      6347
     10000	    450000	      6807	      5929
    100000	    450000	      8567	      7364
        10	    460000	      9669	      6545
       100	    460000	      8423	      6522
      1000	    460000	      7157	      9878
     10000	    460000	      6968	      7988
    100000	    460000	      8361	      8758
        10	    470000	     10411	      6641
       100	    470000	      6977	      6652
      1000	    470000	      6972	      6641
     10000	    470000	      7110	      6225
    100000	    470000	      8356	      5889
        10	    480000	      7527	      6788
       100	    480000	      7104	      6779
      1000	    480000	      7121	      6743
     10000	    480000	      7260	      6306
    100000	    480000	      8540	      5531
        10	    490000	      7295	      7177
       100	    490000	      8261	      7029
      1000	    490000	      7286	      6897
     10000	    490000	      9965	      6449
    100000	    490000	     11510	      7337
        10	    500000	     23364	      7072
       100	    500000	     10797	      7073
      1000	    500000	      7630	      7061
     10000	    500000	      7623	      6581
    100000	    500000	     10050	      6763
        10	    510000	      7651	      9804
       100	    510000	      7633	      7471
      1000	    510000	      9418	      9456
     10000	    510000	     11141	      9969
    100000	    510000	     15032	      6703
        10	    520000	      7714	      7352
       100	    520000	      7698	      9299
      1000	    520000	      7719	     13116
     10000	    520000	     10244	     25741
    100000	    520000	     13957	     10596
        10	    530000	     34700	      8771
       100	    530000	     28818	      7639
      1000	    530000	     10448	      7466
     10000	    530000	      8352	      7029
    100000	    530000	     15503	      6079
        10	    540000	      9050	      7691
       100	    540000	      7998	      7674
      1000	    540000	      9375	      7598
     10000	    540000	      8305	      7112
    100000	    540000	      9783	      6128
        10	    550000	      8628	      7869
       100	    550000	      8148	      7972
      1000	    550000	      8160	      7744
     10000	    550000	     12490	      9200
    100000	    550000	     30085	      6144
        10	    560000	     14150	      7913
       100	    560000	      8376	      7926
      1000	    560000	      8764	      7870
     10000	    560000	      8470	      7673
    100000	    560000	      9989	      7676
        10	    570000	     17042	      8069
       100	    570000	      8470	      8064
      1000	    570000	      8847	     17321
     10000	    570000	      8765	      8153
    100000	    570000	     10270	      6702
        10	    580000	     21756	     28138
       100	    580000	     14619	     12987
      1000	    580000	     15653	      8505
     10000	    580000	      9028	      7753
    100000	    580000	     86444	      9157
        10	    590000	      9169	      8340
       100	    590000	      8739	      8812
      1000	    590000	      8840	     50405
     10000	    590000	      9338	     25378
    100000	    590000	     11611	     24288
        10	    600000	      9833	      8583
       100	    600000	     41277	      9620
      1000	    600000	     64290	      8838
     10000	    600000	     10818	      7866
    100000	    600000	     10879	      6670
        10	    610000	     11563	      8644
       100	    610000	      9048	      8659
      1000	    610000	      9155	      8614
     10000	    610000	      9309	      8317
    100000	    610000	     10924	      7564
        10	    620000	     24257	     13561
       100	    620000	     13115	      8804
      1000	    620000	      9776	      8706
     10000	    620000	     10639	     29360
    100000	    620000	     15654	      7364
        10	    630000	     53947	      9454
       100	    630000	     12467	      9179
      1000	    630000	     19192	     13491
     10000	    630000	     12255	      8314
    100000	    630000	     14885	      6732
        10	    640000	     16790	      9115
       100	    640000	     11500	     12097
      1000	    640000	     18730	     12207
     10000	    640000	     12773	      8414
    100000	    640000	     11432	      7977
        10	    650000	     11540	     11972
       100	    650000	     10053	      9739
      1000	    650000	      9759	     13425
     10000	    650000	     12267	     11122
    100000	    650000	     60550	      7831
        10	    660000	     12253	      9331
       100	    660000	      9823	      9358
      1000	    660000	      9999	      9267
     10000	    660000	     10543	      8788
    100000	    660000	     12025	      9848
        10	    670000	     10295	      9570
       100	    670000	      9925	      9905
      1000	    670000	      9978	      9618
     10000	    670000	     10163	      8850
    100000	    670000	     11978	      7184
        10	    680000	     10722	      9614
       100	    680000	     10183	      9611
      1000	    680000	     10090	      9561
     10000	    680000	     10285	      8909
    100000	    680000	     13532	      8221
        10	    690000	     11742	     12922
       100	    690000	     10904	     10188
      1000	    690000	     10375	      9715
     10000	    690000	     12349	     14658
    100000	    690000	     12611	      7263
        10	    700000	     10492	      9902
       100	    700000	     10402	      9922
      1000	    700000	     10411	      9831
     10000	    700000	     10590	      9129
    100000	    700000	     12501	      8753
        10	    710000	     10652	     10043
       100	    710000	     10605	     10052
      1000	    710000	     10536	      9977
     10000	    710000	     10763	      9298
    100000	    710000	     12700	      8472
        10	    720000	     13924	     10182
       100	    720000	     10671	     10193
      1000	    720000	     11124	     10123
     10000	    720000	     10937	     10731
    100000	    720000	     12872	      7955
        10	    730000	     10932	     10318
       100	    730000	     10812	     10336
      1000	    730000	     10839	     10791
     10000	    730000	     13746	      9514
    100000	    730000	     13156	      7583
        10	    740000	     11396	     10476
       100	    740000	     10965	     10583
      1000	    740000	     10997	     10441
     10000	    740000	     11995	      9648
    100000	    740000	     13232	      7795
        10	    750000	     11351	     10684
       100	    750000	     11620	     12950
      1000	    750000	     11824	     10817
     10000	    750000	     11420	     10006
    100000	    750000	     13465	      7891
        10	    760000	     16201	     10853
       100	    760000	     11761	     11118
      1000	    760000	     11865	     10773
     10000	    760000	     12329	      9960
    100000	    760000	     13833	     11632
        10	    770000	     12983	     55958
       100	    770000	     11437	     10899
      1000	    770000	     11515	     10974
     10000	    770000	     11794	     10105
    100000	    770000	     59451	      8804
        10	    780000	     11806	     11174
       100	    780000	     12185	     11031
      1000	    780000	     11576	     10971
     10000	    780000	     11842	     10205
    100000	    780000	     14124	      9071
        10	    790000	     12829	     11170
       100	    790000	     11716	     11176
      1000	    790000	     11772	     11105
     10000	    790000	     11979	     10323
    100000	    790000	     14953	      9159
        10	    800000	     11992	     11343
       100	    800000	     11919	     15906
      1000	    800000	     12008	     12065
     10000	    800000	     14996	     10432
    100000	    800000	     14398	      8504
        10	    810000	     13727	     11814
       100	    810000	     12749	     13068
      1000	    810000	     12320	     12370
     10000	    810000	     18476	     11485
    100000	    810000	     17418	     13463
        10	    820000	     16808	     11754
       100	    820000	     13496	     11702
      1000	    820000	     12866	     17648
     10000	    820000	     15165	     15423
    100000	    820000	     16448	      9284
        10	    830000	     12766	     14697
       100	    830000	     16650	     15516
      1000	    830000	     13280	     11866
     10000	    830000	     13074	     11606
    100000	    830000	     15599	     12794
        10	    840000	     16580	     12378
       100	    840000	     28276	     12564
      1000	    840000	     15978	     13929
     10000	    840000	     15920	     11254
    100000	    840000	     18344	      9882
        10	    850000	     17549	     12541
       100	    850000	     14506	     12082
      1000	    850000	     13894	     12256
     10000	    850000	     14704	     11292
    100000	    850000	     16819	     14003
        10	    860000	     18400	     12485
       100	    860000	     14084	     13371
      1000	    860000	     14332	     12340
     10000	    860000	     13165	     11258
    100000	    860000	     15523	      9793
        10	    870000	     13098	     12362
       100	    870000	     12894	     13339
      1000	    870000	     13014	     14874
     10000	    870000	     13385	     11387
    100000	    870000	     16006	      9252
        10	    880000	     13436	     12460
       100	    880000	     13095	     12452
      1000	    880000	     13068	     12373
     10000	    880000	     13397	     11443
    100000	    880000	     15826	     12617
        10	    890000	     16304	     12636
       100	    890000	     13244	     12619
      1000	    890000	     13243	     13786
     10000	    890000	     13696	     11969
    100000	    890000	     16346	     10217
        10	    900000	     15693	     13333
       100	    900000	     14267	     12963
      1000	    900000	     13737	     12758
     10000	    900000	     13995	     11753
    100000	    900000	     16389	     13028
        10	    910000	     13953	     12870
       100	    910000	     13495	     12876
      1000	    910000	     13533	     14094
     10000	    910000	     13780	     11830
    100000	    910000	     16301	     10287
        10	    920000	     13901	     13018
       100	    920000	     14189	     13022
      1000	    920000	     13680	     12942
     10000	    920000	     16063	     12514
    100000	    920000	     18553	     10479
        10	    930000	     16185	     14478
       100	    930000	     13896	     14008
      1000	    930000	     14391	     13934
     10000	    930000	     14741	     12457
    100000	    930000	     21130	     10341
        10	    940000	     20432	     13297
       100	    940000	     15806	     13289
      1000	    940000	     14306	     13793
     10000	    940000	     16441	     12399
    100000	    940000	     19224	     13728
        10	    950000	     17121	     14450
       100	    950000	     14530	     14357
      1000	    950000	     14931	     13430
     10000	    950000	     14930	     18064
    100000	    950000	     17162	     18420
        10	    960000	     14496	     17685
       100	    960000	    109085	     14765
      1000	    960000	     30927	     15568
     10000	    960000	     23814	     12928
    100000	    960000	     18798	      9813
        10	    970000	     33742	     17448
       100	    970000	     17378	     13944
      1000	    970000	     14911	     62932
     10000	    970000	     19699	     13456
    100000	    970000	     19012	     12170
        10	    980000	     14652	     14459
       100	    980000	     14731	     13889
      1000	    980000	     14544	     13771
     10000	    980000	     26520	     12711
    100000	    980000	     22905	      9937
        10	    990000	     17641	     14037
       100	    990000	     15772	     14560
      1000	    990000	     14859	     14055
     10000	    990000	     18876	     12993
    100000	    990000	     19590	     12075
        10	   1000000	     15387	     16467
       100	   1000000	     17438	     19904
      1000	   1000000	     15680	     14091
     10000	   1000000	     15726	     13041
    100000	   1000000	     18965	     11013
